osu file format v14

[General]
AudioFilename: audio.mp3
AudioLeadIn: 0
PreviewTime: 49694
Countdown: 1
SampleSet: None
StackLeniency: 0.7
Mode: 0
LetterboxInBreaks: 0
WidescreenStoryboard: 1

[Editor]
Bookmarks: 51257,71257
DistanceSpacing: 1.3
BeatDivisor: 8
GridSize: 16
TimelineZoom: 2.14

[Metadata]
Title:Tilt (TV Size)
TitleUnicode:โลกเอียง (TV Size)
Artist:Milk Pansa & Love Pattranite
ArtistUnicode:มิ้ลค์ พรรษา & เลิฟ ภัทรานิษฐ์
Creator:Dalibor
Version:hs
Source:23.5
Tags:thai thailand tv series drama girl love lgbtq
BeatmapID:4596601
BeatmapSetID:2176725

[Difficulty]
HPDrainRate:5
CircleSize:4
OverallDifficulty:6
ApproachRate:7
SliderMultiplier:1.73999996110797
SliderTickRate:1

[Events]
//Background and Video events
0,0,"bg.png",0,0
//Break Periods
//Storyboard Layer 0 (Background)
//Storyboard Layer 1 (Fail)
//Storyboard Layer 2 (Pass)
//Storyboard Layer 3 (Foreground)
//Storyboard Layer 4 (Overlay)
//Storyboard Sound Samples

[TimingPoints]
632,625,4,2,0,70,1,0
1257,625,4,2,0,70,1,0
1257,-100,4,2,0,70,0,0
49069,-100,4,2,0,100,0,0
50632,-100,4,2,0,50,0,0
50944,-100,4,2,0,70,0,0
51257,-100,4,2,0,90,0,0
71257,-100,4,2,0,50,0,0


[Colours]
Combo1 : 0,128,255
Combo2 : 255,204,0

[HitObjects]
94,92,1257,5,2,0:2:0:0:
94,92,1569,1,2,0:2:0:0:
94,92,1725,1,2,0:2:0:0:
279,109,1882,1,8,0:0:0:0:
94,92,2038,1,2,0:2:0:0:
94,92,2350,1,2,0:2:0:0:
279,109,3132,1,8,0:0:0:0:
94,92,3444,1,2,0:2:0:0:
94,92,3600,1,2,0:2:0:0:
94,92,3757,1,2,0:2:0:0:
94,92,4069,1,2,0:2:0:0:
94,92,4225,1,2,0:2:0:0:
279,109,4382,1,8,0:0:0:0:
94,92,4538,1,2,0:2:0:0:
94,92,4850,1,2,0:2:0:0:
279,109,5632,1,8,0:0:0:0:
94,92,5944,1,2,0:2:0:0:
94,92,6100,1,2,0:2:0:0:
94,92,6257,1,2,0:2:0:0:
94,92,6569,1,2,0:2:0:0:
94,92,6725,1,2,0:2:0:0:
279,109,6882,1,8,0:0:0:0:
94,92,7038,1,2,0:2:0:0:
94,92,7350,1,2,0:2:0:0:
94,92,7819,1,2,0:2:0:0:
94,92,8132,1,10,0:2:0:0:
94,92,8444,1,2,0:2:0:0:
94,92,8757,1,2,0:2:0:0:
94,92,9069,1,2,0:2:0:0:
94,92,9225,1,2,0:2:0:0:
279,109,9382,1,8,0:0:0:0:
279,109,10632,1,8,0:0:0:0:
377,79,11257,1,0,1:0:0:0:
279,109,11882,1,8,0:0:0:0:
377,79,12819,1,0,1:0:0:0:
279,109,13132,1,8,0:0:0:0:
377,79,13288,1,0,1:0:0:0:
377,79,13757,1,0,1:0:0:0:
279,109,14382,1,8,0:0:0:0:
377,79,15319,1,0,1:0:0:0:
279,109,15632,1,8,0:0:0:0:
377,79,15788,1,0,1:0:0:0:
377,79,16257,5,0,1:0:0:0:
279,109,16882,1,8,0:0:0:0:
377,79,17819,1,0,1:0:0:0:
279,109,18132,1,8,0:0:0:0:
377,79,18288,1,0,1:0:0:0:
377,79,18757,1,0,1:0:0:0:
279,109,19382,1,8,0:0:0:0:
377,79,20319,1,0,1:0:0:0:
279,109,20632,1,8,0:0:0:0:
377,79,21257,5,0,1:0:0:0:
279,109,21882,1,8,0:0:0:0:
377,79,22819,1,0,1:0:0:0:
279,109,23132,1,8,0:0:0:0:
377,79,23288,1,0,1:0:0:0:
377,79,23757,1,0,1:0:0:0:
279,109,24382,1,8,0:0:0:0:
377,79,25319,1,0,1:0:0:0:
279,109,25632,1,8,0:0:0:0:
377,79,25788,1,0,1:0:0:0:
377,79,26257,5,0,1:0:0:0:
279,109,26882,1,8,0:0:0:0:
377,79,27819,1,0,1:0:0:0:
279,109,28132,1,8,0:0:0:0:
377,79,28288,1,0,1:0:0:0:
377,79,28757,1,0,1:0:0:0:
279,109,29382,1,8,0:0:0:0:
377,79,30319,1,0,1:0:0:0:
279,109,30632,1,8,0:0:0:0:
377,79,30788,1,0,1:0:0:0:
377,79,31257,5,2,1:2:0:0:
242,253,31413,1,2,0:0:0:0:
242,253,31569,1,2,0:0:0:0:
242,253,31725,1,2,0:0:0:0:
279,109,31882,1,10,0:0:0:0:
242,253,32194,1,2,0:0:0:0:
377,79,32819,1,0,1:0:0:0:
279,109,33132,1,8,0:0:0:0:
377,79,33288,1,0,1:0:0:0:
377,79,33757,1,2,1:2:0:0:
242,253,33913,1,2,0:0:0:0:
242,253,34069,1,2,0:0:0:0:
242,253,34225,1,2,0:0:0:0:
279,109,34382,1,10,0:0:0:0:
242,253,34694,1,2,0:0:0:0:
377,79,35319,1,0,1:0:0:0:
279,109,35632,1,8,0:0:0:0:
377,79,35788,1,0,1:0:0:0:
377,79,36257,5,2,1:2:0:0:
242,253,36413,1,2,0:0:0:0:
242,253,36569,1,2,0:0:0:0:
242,253,36725,1,2,0:0:0:0:
279,109,36882,1,10,0:0:0:0:
242,253,37194,1,2,0:0:0:0:
377,79,37819,1,0,1:0:0:0:
279,109,38132,1,8,0:0:0:0:
377,79,38288,1,0,1:0:0:0:
377,79,38757,1,2,1:2:0:0:
242,253,38913,1,2,0:0:0:0:
242,253,39069,1,2,0:0:0:0:
242,253,39225,1,2,0:0:0:0:
279,109,39382,1,10,0:0:0:0:
242,253,39694,1,2,0:0:0:0:
377,79,40319,1,0,1:0:0:0:
279,109,40632,1,8,0:0:0:0:
377,79,40788,1,0,1:0:0:0:
377,79,41257,5,2,1:2:0:0:
242,253,41413,1,2,0:0:0:0:
242,253,41569,1,2,0:0:0:0:
242,253,41725,1,2,0:0:0:0:
279,109,41882,1,10,0:0:0:0:
242,253,42194,1,2,0:0:0:0:
377,79,42819,1,0,1:0:0:0:
279,109,43132,1,8,0:0:0:0:
377,79,43288,1,0,1:0:0:0:
377,79,43757,1,2,1:2:0:0:
242,253,43913,1,2,0:0:0:0:
242,253,44069,1,2,0:0:0:0:
242,253,44225,1,2,0:0:0:0:
279,109,44382,1,10,0:0:0:0:
242,253,44694,1,2,0:0:0:0:
377,79,45319,1,0,1:0:0:0:
279,109,45632,1,8,0:0:0:0:
377,79,45788,1,0,1:0:0:0:
377,79,46257,5,2,1:2:0:0:
242,253,46413,1,2,0:0:0:0:
242,253,46569,1,2,0:0:0:0:
242,253,46725,1,2,0:0:0:0:
279,109,46882,1,10,0:0:0:0:
377,79,47194,1,0,1:0:0:0:
377,79,49069,1,6,1:2:0:0:
377,79,49382,1,6,1:2:0:0:
377,79,50007,1,6,1:2:0:0:
377,79,50319,1,6,1:2:0:0:
377,79,50632,1,0,1:2:0:0:
377,79,50788,1,0,1:2:0:0:
377,79,50944,1,8,1:2:0:0:
377,79,51100,1,8,1:2:0:0:
377,79,51257,5,4,1:0:0:0:
377,79,51725,1,0,1:0:0:0:
279,109,51882,1,8,0:0:0:0:
377,79,52194,1,0,1:0:0:0:
377,79,52819,1,0,1:0:0:0:
279,109,53132,1,8,0:0:0:0:
377,79,53757,5,0,1:0:0:0:
377,79,54225,1,0,1:0:0:0:
279,109,54382,1,8,0:0:0:0:
377,79,54694,1,0,1:0:0:0:
377,79,55319,1,0,1:0:0:0:
279,109,55632,1,8,0:0:0:0:
377,79,56257,5,0,1:0:0:0:
377,79,56725,1,0,1:0:0:0:
279,109,56882,1,8,0:0:0:0:
377,79,57194,1,0,1:0:0:0:
377,79,57819,1,0,1:0:0:0:
279,109,58132,1,8,0:0:0:0:
377,79,58757,5,0,1:0:0:0:
377,79,59225,1,0,1:0:0:0:
279,109,59382,1,8,0:0:0:0:
377,79,59694,1,0,1:0:0:0:
377,79,60319,1,0,1:0:0:0:
279,109,60632,1,8,0:0:0:0:
377,79,60788,1,0,1:0:0:0:
377,79,61257,5,4,1:2:0:0:
377,79,61725,1,0,1:0:0:0:
279,109,61882,1,8,0:0:0:0:
377,79,62194,1,0,1:0:0:0:
377,79,62819,1,0,1:0:0:0:
279,109,63132,1,8,0:0:0:0:
377,79,63757,5,0,1:0:0:0:
377,79,64225,1,0,1:0:0:0:
279,109,64382,1,8,0:0:0:0:
377,79,64694,1,0,1:0:0:0:
377,79,65319,1,0,1:0:0:0:
279,109,65632,1,8,0:0:0:0:
377,79,65788,1,0,1:0:0:0:
377,79,66257,5,0,1:0:0:0:
377,79,66725,1,0,1:0:0:0:
279,109,66882,1,8,0:0:0:0:
377,79,67194,1,0,1:0:0:0:
377,79,67819,1,0,1:0:0:0:
279,109,68132,1,8,0:0:0:0:
377,79,68444,1,4,1:0:0:0:
377,79,69069,1,4,1:2:0:0:
377,79,69382,1,4,1:2:0:0:
377,79,70007,1,0,1:0:0:0:
377,79,70319,1,0,1:0:0:0:
377,79,70632,1,8,1:2:0:0:
377,79,71257,5,0,3:2:0:0:
377,79,71413,1,0,3:2:0:0:
377,79,71569,1,0,3:2:0:0:
377,79,71725,1,0,3:2:0:0:
377,79,71882,1,8,3:2:0:0:
377,79,72038,1,0,3:2:0:0:
377,79,72194,1,0,3:2:0:0:
377,79,72350,1,0,3:2:0:0:
377,79,72507,1,0,3:2:0:0:
377,79,72663,1,0,3:2:0:0:
377,79,72741,1,0,3:2:0:0:
377,79,72819,1,0,3:2:0:0:
377,79,72975,1,0,3:2:0:0:
377,79,73132,1,8,3:2:0:0:
377,79,73288,1,0,3:2:0:0:
377,79,73366,1,0,3:2:0:0:
377,79,73444,1,0,3:2:0:0:
377,79,73600,1,0,3:2:0:0:
377,79,73757,1,4,3:2:0:0:
